023065080457089136690070045012546890540700362086392400201054008864907013905800620
123465789457289136698173245312546897549718362786392451231654978864927513975831624

100045670762009050090608123301006897029800305800394006403760902017083060080452700
138245679762139458594678123341526897629817345875394216453761982217983564986452731

612000509305209067790010234083405700260931800904000312401762058020054670500890401
612347589345289167798516234183425796267931845954678312431762958829154673576893421

003567080600410720487030050206150007071892064090746231730084915018075600504000378
123567489659418723487239156246153897371892564895746231732684915918375642564921378

124358009056079040870600135205030097690501302400297010502710900040065820963000701
124358679356179248879624135215836497697541382438297516582713964741965823963482751

120000089000100356060800104015380007007012500930000210700601030001097040602038000
123564789478129356569873124215386497847912563936745218794651832381297645652438971

100000679025000138009318054240165007807042000000700542360427080594000700002591000
138254679425679138679318254243165897857942316916783542361427985594836721782591463

020400703064079258080035060200346079430000502807502046003020087002704600600900021
125468793364179258789235164251346879436897512897512346543621987912784635678953421

102400080407009001080100207010024090600793000094018570801300905300070028920000734
132457689467289351589136247713524896658793412294618573871342965346975128925861734

230600009140098000009250046610000490004060051008341600050000813061002500400105002
235614789146798235879253146613527498724869351598341627952476813361982574487135962
